16 (79, 253)
11 (70, 495)
3 (47, 158)
4 (435, 324)
3 (728, 251)
9 (100, 108)
3 (396, 248)
5 (746, 501)
9 (145, 33)
4 (611, 314)
15 (505, 316)
17 (307, 258)
7 (91, 209)
9 (421, 242)
13 (356, 440)
4 (281, 474)
6 (164, 305)
4 (570, 475)
15 (165, 181)
7 (438, 333)
17 (673, 499)
15 (392, 98)
17 (658, 100)
7 (315, 5)
16 (170, 263)
9 (1, 340)
4 (438, 292)
7 (159, 233)
8 (92, 335)
10 (663, 174)
15 (675, 237)
1 (563, 286)
6 (337, 286)
9 (216, 76)
14 (394, 111)
4 (616, 23)
1 (375, 171)
14 (63, 266)
13 (497, 424)
8 (271, 118)
1 (738, 353)
17 (406, 175)
11 (562, 341)
1 (768, 29)
2 (6, 300)
5 (54, 99)
3 (706, 216)
8 (451, 172)
13 (205, 123)
16 (57, 433)
8 (476, 137)
1 (541, 34)
16 (499, 457)
10 (683, 272)
5 (688, 252)
17 (425, 492)
10 (511, 18)
2 (601, 142)
13 (618, 3)
16 (422, 165)
11 (587, 39)
15 (59, 462)
10 (41, 180)
13 (654, 149)
14 (662, 418)
2 (257, 66)
2 (487, 388)
3 (190, 217)
10 (703, 320)
1 (641, 268)
3 (720, 337)
12 (66, 104)
9 (612, 510)
7 (446, 63)
8 (164, 89)
8 (672, 80)
8 (354, 431)
8 (515, 376)
5 (461, 327)
13 (697, 9)
14 (241, 464)
6 (604, 75)
17 (181, 380)
9 (197, 72)
14 (351, 414)
7 (388, 425)
15 (508, 62)
15 (725, 412)
9 (72, 25)
16 (231, 77)
1 (534, 421)
1 (523, 325)
16 (281, 169)
11 (229, 192)
10 (381, 268)
14 (182, 147)
2 (471, 58)
12 (131, 426)
14 (130, 171)
12 (382, 470)
14 (472, 384)
10 (657, 7)
3 (79, 466)
16 (348, 343)
9 (742, 497)
10 (3, 339)
3 (652, 315)
11 (343, 326)
14 (693, 367)
5 (341, 286)
8 (585, 431)
8 (549, 67)
7 (535, 400)
13 (459, 496)
13 (585, 38)
15 (218, 150)
5 (164, 478)
17 (365, 503)
10 (186, 110)
3 (131, 382)
5 (214, 116)
14 (465, 251)
10 (70, 459)
5 (15, 112)
12 (639, 52)
11 (164, 369)
11 (36, 168)
9 (54, 142)
7 (469, 273)
3 (315, 154)
6 (341, 373)
3 (268, 11)
9 (310, 510)
4 (724, 225)
9 (104, 120)
13 (507, 168)
15 (699, 184)
2 (613, 249)
5 (302, 77)
14 (581, 356)
1 (491, 4)
14 (223, 58)
13 (211, 104)
14 (126, 456)
1 (33, 325)
11 (219, 316)
8 (678, 308)
8 (314, 42)
3 (163, 51)
12 (439, 385)
2 (684, 16)
6 (116, 459)
14 (334, 298)
16 (462, 346)
12 (414, 83)
9 (592, 60)
1 (55, 328)
14 (70, 134)
3 (685, 488)
16 (693, 367)
5 (235, 312)
3 (169, 195)
11 (378, 482)
4 (144, 278)
3 (395, 220)
15 (338, 431)
2 (370, 66)
16 (25, 467)
8 (685, 96)
6 (59, 465)
11 (171, 315)
5 (116, 412)
3 (103, 495)
4 (117, 443)
6 (576, 29)
14 (653, 400)
17 (272, 443)
7 (77, 278)
10 (344, 465)
7 (106, 401)
9 (464, 413)
9 (571, 33)
13 (444, 448)
9 (67, 198)
9 (297, 227)
3 (410, 10)
14 (766, 470)
3 (451, 414)
13 (613, 308)
3 (9, 389)
3 (374, 483)
11 (474, 261)
2 (708, 146)
14 (367, 130)
6 (693, 487)
7 (422, 132)
11 (601, 381)
7 (354, 392)
2 (483, 358)
6 (650, 174)
11 (570, 298)
1 (305, 237)
4 (643, 175)
5 (640, 82)
7 (634, 66)
1 (262, 360)
10 (311, 426)
8 (633, 436)
15 (157, 224)
12 (664, 17)
2 (491, 55)
11 (404, 208)
9 (602, 265)
4 (603, 339)
4 (656, 258)
15 (300, 157)
13 (666, 343)
1 (747, 129)
9 (533, 394)
12 (650, 44)
3 (402, 425)
7 (538, 432)
15 (474, 436)
9 (767, 268)
10 (743, 271)
1 (487, 347)
7 (545, 258)
13 (40, 35)
2 (543, 265)
8 (602, 417)
5 (509, 399)
13 (597, 337)
1 (259, 24)
13 (336, 86)
2 (765, 314)
10 (707, 238)
9 (346, 225)
10 (345, 92)
17 (539, 379)
6 (330, 199)
5 (227, 125)
1 (107, 373)
15 (13, 177)
17 (227, 22)
11 (290, 182)
16 (153, 120)
16 (82, 360)
1 (675, 471)
9 (284, 453)
2 (299, 156)
8 (55, 310)
7 (124, 63)
13 (153, 505)
16 (562, 418)
5 (770, 463)
9 (745, 443)
1 (572, 497)
9 (225, 210)
1 (554, 269)
5 (622, 344)
14 (14, 217)
1 (690, 64)
11 (751, 301)
8 (684, 101)
13 (207, 42)
1 (97, 95)
1 (624, 484)
14 (93, 7)
6 (120, 231)
1 (617, 376)
6 (711, 185)
7 (458, 405)
16 (272, 362)
14 (696, 196)
3 (720, 211)
12 (117, 205)
13 (714, 21)
8 (279, 17)
12 (665, 232)
2 (730, 403)
8 (299, 124)
7 (665, 338)
11 (722, 242)
14 (696, 84)
11 (412, 370)
2 (165, 460)
6 (202, 86)
16 (343, 450)
7 (28, 460)
3 (11, 68)
3 (347, 356)
5 (65, 474)
4 (397, 440)
5 (506, 17)
4 (214, 464)
9 (470, 410)
17 (253, 449)
13 (563, 81)
9 (402, 229)
2 (691, 468)
8 (689, 3)
11 (220, 397)
13 (634, 163)
14 (43, 310)
6 (742, 358)
8 (52, 315)
16 (364, 18)
16 (194, 14)
2 (34, 261)
15 (224, 455)
7 (763, 357)
15 (523, 168)
9 (182, 285)
17 (214, 489)
12 (302, 448)
12 (380, 62)
9 (399, 283)
1 (362, 307)
16 (466, 303)
2 (48, 468)
8 (592, 477)
9 (320, 116)
12 (202, 254)
6 (149, 18)
10 (500, 166)
12 (722, 72)
16 (81, 293)
5 (313, 2)
7 (368, 283)
15 (703, 123)
14 (449, 80)
8 (330, 353)
5 (667, 227)
4 (36, 500)
10 (502, 496)
6 (317, 402)
9 (366, 324)
16 (340, 8)
2 (255, 116)
4 (274, 15)
11 (161, 305)
3 (670, 141)
8 (604, 486)
11 (45, 95)
2 (232, 504)
17 (580, 437)
3 (599, 457)
1 (396, 292)
14 (570, 474)
17 (610, 174)
3 (350, 242)
1 (11, 498)
9 (318, 431)
6 (380, 416)
9 (383, 98)
9 (674, 482)
17 (211, 468)
4 (443, 314)
8 (218, 35)
1 (450, 67)
10 (121, 399)
2 (446, 465)
4 (10, 464)
6 (73, 193)
11 (280, 354)
10 (477, 89)
11 (208, 196)
6 (748, 5)
3 (46, 419)
11 (75, 396)
2 (750, 112)
9 (220, 282)
3 (719, 39)
11 (769, 329)
4 (386, 78)
10 (547, 468)
16 (67, 467)
10 (598, 487)
3 (550, 295)
13 (555, 200)
14 (51, 122)
9 (655, 332)
15 (442, 223)
2 (172, 52)
7 (457, 343)
8 (709, 281)
16 (741, 495)
10 (493, 412)
12 (641, 60)
17 (244, 159)
10 (156, 201)
5 (631, 33)
11 (50, 99)
12 (348, 336)
6 (206, 151)
10 (698, 51)
7 (374, 314)
1 (508, 231)
3 (290, 479)
13 (313, 32)
14 (316, 93)
14 (676, 295)
3 (594, 127)
5 (443, 88)
1 (723, 240)
16 (756, 58)
2 (33, 188)
15 (195, 394)
17 (344, 457)
9 (475, 455)
3 (665, 508)
7 (9, 438)
9 (355, 462)
3 (758, 203)
7 (528, 459)
1 (213, 205)
9 (149, 327)
2 (341, 382)
17 (635, 405)
7 (6, 146)
1 (733, 243)
1 (593, 350)
6 (547, 389)
16 (226, 66)
5 (307, 141)
3 (766, 219)
3 (762, 125)
17 (470, 311)
6 (64, 14)
17 (385, 49)
7 (546, 98)
6 (552, 94)
8 (552, 333)
3 (273, 404)
9 (195, 419)
2 (578, 27)
15 (25, 176)
2 (240, 50)
1 (583, 215)
9 (464, 21)
12 (551, 139)
16 (417, 83)
13 (610, 359)
7 (743, 189)
11 (354, 85)
14 (397, 13)
4 (743, 90)
11 (190, 249)
10 (404, 406)
1 (41, 20)
7 (604, 97)
8 (680, 221)
12 (518, 69)
10 (56, 437)
17 (679, 111)
16 (586, 43)
16 (697, 206)
7 (764, 188)
13 (627, 501)
1 (736, 230)
8 (460, 455)
13 (120, 388)
14 (250, 286)
12 (119, 75)
5 (504, 492)
1 (283, 496)
12 (509, 251)
7 (617, 207)
13 (150, 309)
10 (142, 154)
8 (593, 425)
6 (140, 361)
14 (357, 398)
11 (691, 318)
2 (408, 241)
6 (52, 397)
9 (62, 418)
12 (191, 346)
6 (191, 403)
6 (586, 352)
9 (334, 484)
6 (436, 219)
7 (305, 306)
17 (605, 327)
10 (758, 311)
11 (706, 201)
1 (446, 287)
2 (688, 475)
12 (615, 113)
2 (239, 378)
2 (766, 65)
6 (429, 366)
3 (371, 355)
4 (200, 187)
12 (598, 474)
4 (352, 346)
8 (186, 63)
15 (530, 288)
16 (382, 196)
1 (711, 101)
16 (526, 125)
11 (284, 100)
4 (733, 404)
13 (505, 372)
16 (588, 99)
15 (398, 109)
11 (372, 68)
14 (740, 75)
2 (630, 353)
5 (423, 432)
9 (563, 327)
16 (199, 119)
7 (350, 143)
14 (282, 339)
12 (470, 178)
12 (259, 149)
3 (143, 129)
13 (525, 425)
12 (678, 110)
2 (540, 366)
6 (438, 80)
4 (672, 20)
4 (476, 235)
14 (14, 248)
11 (666, 443)
4 (171, 481)
2 (297, 321)
7 (388, 482)
5 (232, 350)
6 (513, 263)
16 (525, 343)
4 (373, 370)
9 (284, 470)
4 (272, 33)
7 (617, 152)
10 (620, 445)
17 (304, 384)
5 (747, 179)
3 (531, 477)
16 (704, 185)
17 (637, 308)
7 (201, 487)
9 (276, 248)
15 (335, 305)
2 (255, 507)
2 (140, 43)
17 (472, 20)
15 (392, 433)
15 (447, 323)
2 (143, 197)
2 (14, 241)
17 (630, 427)
9 (537, 68)
11 (223, 155)
3 (436, 499)
15 (21, 22)
11 (483, 82)
4 (297, 53)
12 (289, 19)
9 (161, 297)
3 (112, 277)
16 (702, 461)
16 (649, 14)
15 (568, 260)
14 (569, 182)
12 (166, 254)
9 (510, 115)
6 (13, 50)
5 (577, 192)
5 (118, 318)
3 (174, 343)
10 (124, 249)
13 (106, 429)
6 (100, 214)
1 (393, 238)
13 (765, 504)
17 (481, 206)
3 (340, 225)
12 (21, 257)
10 (438, 139)
5 (216, 463)
10 (662, 132)
9 (658, 94)
5 (266, 144)
11 (161, 246)
10 (517, 470)
5 (225, 36)
15 (430, 491)
13 (435, 324)
7 (168, 6)
5 (31, 33)
4 (697, 177)
11 (462, 434)
12 (664, 275)
14 (312, 212)
2 (51, 422)
11 (215, 221)
5 (208, 118)
16 (557, 43)
10 (11, 288)
13 (95, 147)
17 (15, 504)
6 (590, 104)
14 (452, 362)
13 (669, 487)
13 (515, 48)
9 (312, 409)
11 (302, 73)
9 (499, 350)
10 (185, 229)
13 (366, 148)
13 (480, 191)
9 (78, 233)
3 (399, 346)
4 (181, 147)
6 (234, 143)
15 (47, 243)
16 (301, 49)
16 (367, 313)
2 (196, 149)
10 (228, 146)
11 (179, 289)
9 (617, 159)
17 (444, 27)
9 (681, 440)
17 (359, 22)
4 (139, 66)
1 (366, 165)
7 (78, 270)
1 (523, 76)
6 (223, 484)
2 (510, 107)
7 (614, 182)
3 (43, 445)
8 (544, 396)
5 (649, 486)
10 (515, 302)
17 (307, 407)
3 (128, 64)
10 (511, 466)
6 (201, 62)
10 (576, 331)
5 (387, 386)
10 (329, 279)
5 (472, 451)
13 (356, 273)
11 (369, 384)
10 (644, 29)
8 (381, 216)
2 (446, 78)
17 (66, 451)
2 (765, 24)
13 (5, 15)
3 (285, 290)
11 (313, 276)
1 (215, 27)
14 (107, 130)
14 (107, 234)
6 (445, 104)
3 (650, 285)
2 (244, 476)
11 (294, 244)
14 (44, 469)
10 (483, 410)
11 (691, 4)
4 (587, 51)
16 (564, 169)
12 (618, 372)
9 (576, 114)
16 (443, 316)
3 (689, 186)
9 (314, 398)
10 (346, 301)
4 (391, 213)
11 (175, 10)
12 (262, 6)
13 (39, 205)
17 (551, 236)
11 (49, 253)
1 (392, 379)
15 (378, 443)
3 (659, 384)
17 (248, 226)
13 (582, 208)
13 (695, 473)
1 (741, 359)
7 (564, 119)
7 (351, 393)
12 (328, 229)
7 (2, 319)
2 (770, 335)
7 (265, 210)
11 (6, 361)
15 (297, 470)
2 (331, 179)
14 (382, 307)
1 (13, 184)
13 (71, 57)
15 (47, 21)
13 (244, 37)
11 (607, 332)
13 (414, 421)
14 (36, 200)
7 (560, 57)
8 (360, 368)
15 (711, 120)
14 (168, 86)
2 (536, 375)
4 (440, 450)
16 (738, 278)
6 (126, 238)
3 (356, 292)
9 (734, 119)
9 (655, 328)
2 (298, 303)
10 (396, 185)
6 (60, 402)
6 (729, 312)
8 (194, 35)
9 (615, 261)
8 (432, 270)
5 (146, 171)
4 (160, 59)
13 (752, 171)
9 (290, 22)
3 (512, 309)
5 (604, 42)
11 (188, 201)
5 (380, 110)
1 (516, 308)
1 (453, 79)
1 (324, 463)
9 (742, 163)
6 (2, 118)
11 (622, 158)
1 (737, 380)
5 (752, 38)
5 (531, 295)
12 (358, 154)
8 (333, 501)
7 (125, 96)
9 (168, 464)
10 (185, 208)
14 (743, 371)
12 (101, 13)
5 (289, 509)
3 (422, 401)
16 (392, 166)
16 (209, 43)
8 (603, 76)
6 (132, 470)
17 (525, 468)
16 (507, 175)
13 (14, 20)
9 (229, 41)
4 (443, 322)
3 (555, 19)
3 (6, 177)
11 (359, 212)
1 (518, 446)
17 (394, 447)
12 (685, 486)
12 (211, 69)
3 (115, 167)
3 (119, 428)
10 (549, 77)
1 (512, 379)
4 (587, 159)
7 (213, 116)
5 (586, 135)
1 (43, 380)
14 (441, 96)
8 (87, 92)
11 (420, 402)
11 (584, 226)
15 (675, 329)
13 (609, 380)
14 (400, 277)
9 (195, 366)
5 (710, 158)
15 (157, 231)
1 (470, 160)
3 (402, 202)
17 (117, 261)
9 (511, 92)
3 (310, 293)
7 (320, 84)
6 (106, 488)
7 (702, 160)
11 (128, 435)
14 (332, 466)
7 (747, 174)
12 (301, 229)
8 (730, 220)
1 (524, 420)
13 (140, 333)
13 (614, 170)
15 (543, 160)
11 (605, 13)
2 (269, 463)
10 (7, 229)
15 (74, 142)
16 (86, 247)
7 (242, 317)
16 (503, 254)
17 (182, 450)
3 (80, 275)
12 (25, 389)
8 (77, 68)
3 (197, 477)
10 (341, 454)
9 (255, 244)
7 (345, 59)
14 (96, 175)
7 (506, 355)
10 (542, 428)
17 (68, 451)
8 (349, 27)
2 (311, 66)
11 (160, 444)
11 (396, 336)
17 (521, 429)
7 (180, 279)
14 (457, 12)
1 (398, 412)
7 (88, 114)
15 (416, 219)
16 (729, 106)
2 (735, 206)
7 (414, 204)
11 (713, 51)
3 (479, 507)
11 (463, 250)
17 (660, 192)
4 (197, 30)
8 (246, 407)
4 (680, 239)
7 (728, 487)
10 (27, 268)
17 (110, 465)
10 (185, 472)
4 (170, 309)
1 (319, 193)
7 (606, 88)
8 (15, 191)
4 (706, 198)
5 (340, 433)
5 (293, 190)
5 (437, 198)
6 (582, 76)
11 (632, 478)
3 (543, 6)
11 (363, 237)
1 (464, 316)
15 (254, 487)
9 (66, 74)
15 (141, 429)
3 (307, 449)
4 (713, 340)
7 (94, 412)
6 (610, 314)
2 (29, 179)
4 (755, 470)
11 (616, 131)
8 (171, 206)
2 (35, 462)
4 (313, 288)
5 (325, 463)
7 (649, 197)
9 (553, 131)
12 (583, 387)
17 (190, 383)
9 (326, 192)
13 (412, 275)
12 (9, 24)
7 (666, 375)
6 (379, 439)
14 (732, 7)
13 (334, 36)
15 (436, 71)
6 (594, 445)
5 (215, 479)
8 (609, 139)
17 (151, 275)
8 (33, 135)
4 (69, 259)
16 (625, 429)
8 (745, 197)
5 (716, 271)
3 (370, 139)
8 (302, 238)
6 (504, 324)
13 (607, 98)
4 (32, 237)
1 (556, 295)
3 (586, 394)
9 (704, 215)
14 (431, 181)
12 (613, 378)
15 (247, 454)
16 (247, 427)
12 (761, 492)
15 (469, 72)
14 (746, 24)
4 (422, 454)
9 (307, 450)
10 (714, 284)
10 (415, 244)
6 (751, 240)
9 (457, 423)
16 (369, 44)
4 (194, 295)
4 (461, 218)
5 (208, 413)
14 (185, 194)
14 (520, 437)
17 (474, 340)
6 (399, 68)
1 (551, 355)
7 (525, 90)
11 (689, 447)
14 (141, 204)
4 (119, 207)
7 (149, 488)
5 (8, 310)
15 (519, 60)
12 (561, 184)
10 (25, 57)
4 (540, 461)
6 (487, 187)
7 (638, 103)
15 (338, 180)
1 (274, 452)
5 (746, 46)
16 (539, 383)
4 (400, 17)
6 (442, 491)
4 (256, 58)
14 (198, 155)
10 (637, 345)
5 (254, 185)
16 (256, 255)
14 (80, 51)
17 (272, 376)
2 (545, 311)
13 (444, 248)
2 (490, 310)
12 (469, 8)
13 (422, 355)
7 (757, 33)
15 (83, 266)
8 (70, 359)
11 (770, 204)
14 (588, 291)
5 (303, 53)
1 (271, 268)
5 (481, 141)
14 (339, 91)
17 (36, 66)
3 (394, 139)
17 (735, 66)
17 (20, 180)
6 (754, 371)
7 (395, 322)
10 (669, 121)
4 (249, 251)
10 (633, 301)
4 (360, 67)
4 (753, 99)
2 (339, 39)
2 (513, 125)
6 (39, 268)
13 (422, 62)
2 (161, 128)
2 (732, 318)
15 (161, 247)
12 (175, 230)
17 (10, 47)
1 (94, 115)
16 (505, 312)
5 (622, 308)
15 (667, 2)
12 (55, 184)
1 (241, 241)
13 (102, 86)
10 (597, 447)
11 (186, 392)
14 (497, 287)
4 (536, 402)
2 (414, 20)
9 (577, 503)
11 (678, 106)
13 (477, 125)
1 (446, 431)
11 (668, 33)
9 (106, 219)
6 (174, 275)
4 (723, 264)
10 (70, 242)
9 (718, 114)
10 (104, 468)
16 (535, 154)
9 (629, 222)
11 (246, 483)
14 (359, 238)
16 (718, 345)
6 (764, 472)
12 (526, 451)
3 (565, 490)
17 (278, 404)
2 (185, 449)
4 (411, 225)
6 (450, 400)
6 (536, 404)
5 (295, 422)
10 (88, 360)
2 (57, 61)
16 (392, 419)
2 (605, 493)
16 (356, 44)
9 (655, 117)
10 (444, 392)
8 (10, 207)
3 (223, 5)
6 (755, 371)
17 (717, 350)
2 (11, 481)
2 (394, 107)
7 (689, 364)
13 (221, 397)
13 (379, 19)
3 (86, 230)
6 (742, 147)
17 (201, 394)
5 (698, 335)
5 (118, 186)
7 (113, 156)
15 (609, 328)
8 (760, 462)
4 (316, 13)
5 (112, 443)
17 (32, 237)
17 (511, 395)
4 (318, 183)
15 (82, 490)
8 (484, 482)
14 (202, 238)
4 (722, 240)
15 (571, 70)
10 (555, 208)
8 (489, 348)
12 (627, 189)
2 (156, 2)
1 (640, 73)
14 (215, 287)
9 (54, 275)
14 (543, 204)
9 (263, 342)
16 (220, 475)
5 (148, 133)
13 (237, 81)
13 (416, 209)
14 (169, 384)
12 (7, 496)
2 (220, 354)
2 (35, 79)
17 (195, 267)
9 (2, 333)
4 (346, 254)
15 (322, 70)
6 (606, 416)
13 (622, 225)
7 (228, 2)
14 (61, 78)
7 (549, 465)
4 (688, 104)
10 (205, 407)
15 (91, 493)
14 (122, 380)
13 (6, 10)
3 (195, 213)
6 (665, 317)
11 (409, 263)
12 (425, 88)
8 (232, 227)
15 (265, 213)
10 (97, 473)
2 (764, 386)
2 (177, 107)
11 (322, 409)
1 (638, 114)
15 (18, 180)
12 (59, 180)
1 (561, 262)
15 (364, 68)
2 (605, 382)
16 (757, 232)
14 (285, 52)
13 (373, 36)
1 (438, 487)
3 (48, 459)
6 (288, 232)
3 (31, 260)
16 (64, 489)
7 (264, 76)
9 (200, 183)
1 (155, 93)
8 (135, 344)
8 (482, 266)
13 (705, 463)
8 (440, 4)
16 (552, 104)
9 (515, 345)
3 (687, 467)
9 (401, 98)
3 (744, 427)
13 (765, 401)
15 (475, 231)
8 (477, 158)
11 (51, 300)
12 (758, 34)
13 (73, 73)
14 (704, 45)
2 (299, 39)
6 (679, 461)
1 (191, 457)
5 (346, 36)
3 (563, 244)
11 (67, 8)
3 (410, 41)
6 (585, 410)
9 (15, 291)
2 (606, 216)
14 (311, 213)
12 (448, 250)
6 (405, 2)
6 (555, 279)
4 (721, 213)
7 (403, 317)
14 (283, 281)
11 (358, 81)
2 (575, 403)
6 (278, 115)
12 (569, 348)
14 (537, 308)
3 (13, 164)
6 (448, 352)
12 (636, 112)
7 (337, 256)
8 (655, 277)
15 (426, 99)
11 (415, 438)
9 (603, 448)
10 (569, 347)
10 (660, 132)
12 (436, 76)
4 (197, 277)
13 (300, 411)
13 (392, 330)
15 (193, 333)
5 (341, 304)
4 (753, 62)
3 (753, 356)
14 (740, 112)
3 (262, 349)
5 (379, 119)
5 (568, 271)
7 (72, 302)
5 (70, 468)
17 (56, 37)
5 (571, 446)
15 (338, 438)
13 (72, 118)
11 (311, 310)
13 (475, 182)
14 (462, 117)
5 (17, 201)
10 (382, 231)
7 (193, 472)
15 (218, 8)
5 (342, 433)
16 (619, 252)
16 (176, 78)
3 (458, 7)
13 (10, 492)
9 (130, 125)
10 (759, 61)
17 (230, 30)
6 (7, 475)
2 (666, 457)
9 (273, 466)
1 (44, 237)
11 (380, 69)
8 (137, 482)
15 (260, 262)
17 (451, 10)
9 (397, 281)
5 (188, 244)
7 (27, 252)
12 (305, 491)
11 (695, 482)
14 (201, 441)
3 (17, 223)
1 (668, 110)
2 (518, 26)
17 (55, 121)
5 (67, 98)
2 (578, 237)
16 (348, 211)
9 (15, 367)
4 (271, 182)
16 (13, 206)
3 (598, 338)
14 (619, 83)
8 (685, 462)
8 (551, 372)
11 (742, 81)
2 (57, 83)
4 (601, 218)
12 (179, 345)
16 (554, 386)
1 (290, 486)
9 (81, 229)
6 (586, 26)
13 (673, 150)
4 (590, 61)
